clc
x = pi;
y = cos(x);
y

y =

    -1


1 + 2i

ans =

   1.0000 + 2.0000i

z = 1 + 2i

z =

   1.0000 + 2.0000i

real(z)

ans =

     1

imag(z)

ans =

     2

clear
imag(z)
{未定义函数或变量 'z'。
} 
clc
x = 20;
y = 1 / (sin(x) + cos(x - 1))

y =

    0.5259

x = 20:20:80;
y = 1 / (sin(x) + cos(x - 1))
{错误使用 <a href="matlab:matlab.internal.language.introspective.errorDocCallback('mrdivide')" style="font-weight:bold"> / </a>
矩阵维度必须一致。
} 
x = 20:20:80;
y = 1 ./ (sin(x) + cos(x - 1))

y =

    0.5259    0.9884   -0.9295   -0.5291

x = 20:20:80;
y = 1 ./ (sin(x) + cos(x - 1));
format long,y

y =

   0.525859158589971   0.988380506999177  -0.929462319996697  -0.529139836431243

clc
a = 'this is a book'

a =

this is a book

a(2)

ans =

h

a(5)

ans =

 

a(4)

ans =

s

x = [1;2;3]

x =

     1
     2
     3

clc
x = linspace(0,10,5)

x =

  1 至 4 列

                   0   2.500000000000000   5.000000000000000   7.500000000000000

  5 列

  10.000000000000000

clc
3

ans =

     3

x = 3

x =

     3

clc
x = logspace(1,3,3)

x =

          10         100        1000

x = logspace(1,5,5)

x =

          10         100        1000       10000      100000


x(1:3)

ans =

          10         100        1000

clear a
x(2:5)

ans =

         100        1000       10000      100000

x(3)

ans =

        1000

clear y
y = [1 2 3;4 5 6;7 8 9]

y =

     1     2     3
     4     5     6
     7     8     9

y = [[1 2 3];[4 5 6];7 8 9]

y =

     1     2     3
     4     5     6
     7     8     9

clc
cd .
cd..
 cd..
   ↑
{错误:  MATLAB 运算符异常。
} 
cd.
 cd.
    ↑
{错误: 表达式或语句不完整或不正确。
} 
cd ..
dir

.                              PMSM                           slprj                          
..                             PMSM仿真.rar                     随书仿真模型                         
.git                           en.x-cube-mcsdk-ful_5.0.1.exe  
20160104szyssj.rar             en.x-cube-mcsdk-ful_5.0.1.rar  
MATLAB                         en.x-cube-mcsdk_5.2.0.zip      

cd PMSM
load data.txt
{错误使用 <a href="matlab:matlab.internal.language.introspective.errorDocCallback('load')" style="font-weight:bold">load</a>
ASCII 文件 data.txt 的第 3 行中的列数必须与前面行中的列数相同。
} 
load data.txt
data

data =

    12     1
     1    24
     1    38

data

data =

    12     1
     1    24
     1    38

load data.txt
data

data =

     1     2     1
     1     2     4
     1     3     8

data(1,:)=[]

data =

     1     2     4
     1     3     8

data

data =

     1     2     4
     1     3     8

data(,:1)=[]
 data(,:1)=[]
      ↑
{错误: 表达式或语句不正确--可能 (、{ 或 [ 不对称。
} 
data(:,1)=[]

data =

     2     4
     3     8

data

data =

     2     4
     3     8

load data.txt
data

data =

     1     2     1
     1     2     4
     1     3     8

clear y
clear x
clear ans
dat
{未定义函数或变量 'dat'。
} 
date

ans =

28-Nov-2019

clear ans
data

data =

     1     2     1
     1     2     4
     1     3     8

time
{未定义函数或变量 'time'。
} 
Rot(90)
{未定义函数或变量 'Rot'。
} 
data(90)
{索引超出矩阵维度。
} 
Rot(data,90)
{未定义函数或变量 'Rot'。
} 
Fliplr(data)
{找不到 'Fliplr' 的完全匹配项(区分大小写)。

最接近的匹配项为: fliplr(在 J:\matlab\matlab2016a\toolbox\matlab\elmat\fliplr.m 中)

} 
fliplr(data)

ans =

     1     2     1
     4     2     1
     8     3     1

fliplr(data)

ans =

     1     2     1
     4     2     1
     8     3     1

data

data =

     1     2     1
     1     2     4
     1     3     8

x = flipup(data)
{未定义函数或变量 'flipup'。
} 
x = flipud(data)

x =

     1     3     8
     1     2     4
     1     2     1

data

data =

     1     2     1
     1     2     4
     1     3     8

flipdim(data,1)

ans =

     1     3     8
     1     2     4
     1     2     1

flipdim(data,2)

ans =

     1     2     1
     4     2     1
     8     3     1

clc
clear all
clcl
{未定义函数或变量 'clcl'。
} 
clc
A = [1 2;3 4];
B = 3 + 2*i;
C = 'efg';
D = 2;
E = [A,B,C,D]
{错误使用 <a href="matlab:matlab.internal.language.introspective.errorDocCallback('horzcat')" style="font-weight:bold">horzcat</a>
从 double 转换为 char 时出现以下错误:
复数值不能转换为字符
} 
E = {A,B,C,D}

E = 

    [2x2 double]    [3.000000000000000 + 2.000000000000000i]    'efg'    [2]

E = cell(3);
E{1,1} = [1:4];
E{1,2} = B;
E{1,3} = 2;
E

E = 

    [1x4 double]    [3.000000000000000 + 2.000000000000000i]    [2]
              []                                          []     []
              []                                          []     []

E{1}

ans =

     1     2     3     4

E{2}

ans =

     []

cellfun('display',E)
{错误使用 <a href="matlab:matlab.internal.language.introspective.errorDocCallback('cellfun')" style="font-weight:bold">cellfun</a>
未知选项。
} 
cellfun('islogical',E)

ans =

     0     0     0
     0     0     0
     0     0     0

cellplot(E)
CLC
{未定义函数或变量 'CLC'。
} 
clc
clear all
clc
msg = struct('name',{'zhouhao','wangchao','xudong','bao'},'age',{23,24,25,26})

msg = 

1x4 <a href="matlab:helpPopup struct" style="font-weight:bold">struct</a> array with fields:

    name
    age

msg(1)

ans = 

    name: 'zhouhao'
     age: 23

msg(2)

ans = 

    name: 'wangchao'
     age: 24

msg(1).name

ans =

zhouhao

msg(4).age

ans =

    26

clc
a = [1 2 3 4 5]

a =

     1     2     3     4     5

a'

ans =

     1
     2
     3
     4
     5

y = a'

y =

     1
     2
     3
     4
     5

clc
x=[0:2*pi/90:2*pi]

